497 311
501 311
509 311
513 311
518 311
524 312
530 312
535 313
540 313
543 314
546 314
551 315
553 315
557 316
561 316
564 317
567 318
571 318
574 319
577 321
581 322
585 323
587 323
591 325
593 325
596 325
597 325
599 325
600 326
601 326
603 326
603 326
604 327
605 327
605 327
608 327
609 328
610 328
611 328
611 329
612 329
613 329
614 331
615 331
617 331
617 331
619 331
620 331
621 331
622 331
623 332
626 332
627 332
631 333
631 333
635 333
637 334
640 334
642 334
646 334
649 335
651 335
655 335
657 335
659 335
661 335
666 336
668 336
669 336
673 336
675 336
679 336
681 337
685 337
687 337
692 338
696 338
699 338
702 340
707 340
709 341
713 341
715 343
717 343
719 343
721 343
721 343
723 343
724 343
725 343
726 343
727 343
727 343
728 343
729 341
729 334
729 331
727 327
727 323
725 319
725 315
723 312
721 309
721 306
721 303
721 299
723 294
724 288
725 281
727 273
728 267
729 257
731 249
733 239
736 229
739 221
740 211
741 204
743 197
744 190
745 187
745 184
746 179
748 177
748 175
749 170
749 169
750 167
750 165
750 164
751 161
751 159
751 157
751 157
751 155
751 152
752 151
752 149
752 148
752 147
752 146
752 143
752 143
752 142
752 141
752 140
751 140
751 141
